$ANSIBLE_VAULT;1.1;AES256
61646563386539623935613933343061303364366530646134333930616463363034373738316237
3932343836396461633634323936313233653139663463310a656164376566303430363334616431
39646435393063656263363131373238316262633464666364346338333536616132656261353039
3830376133363132330a393461353738653461613764316632656537386134303730666261323934
66396132316233656533353861333335393862313734336336363331613832343964623166303539
65323335356631663330363233333737653038373534633563393165313430313830643438633338
66393339313364383066623262636462356461323164376464396431656538393132343661626165
62363838316139333663356362373361323236386463363932336633323365323662616337303435
65396434396533383362353934376162663132373736643263656338643334323663633637396233
36313734366530663736313862306161346462663438326132613661663964373762666130323262
31326333373933656135303930363964356432643562663437653430383164613737346131326232
33663234616532346238363934313233616530643631313832613763383033313461333636343938
6331
